,V1,V2,V3,V4,V5,V6,V7
1,1,0.435534375,-0.001456699,0.375073287,0.129920338,-0.015785353,0.158444225
2,0.435534375,1,-0.174505231,0.04843183,-0.00802031,-0.012912895,0.276496386
3,-0.001456699,-0.174505231,1,0.262108811,0.091085749,-0.039780314,-0.106723345
4,0.375073287,0.04843183,0.262108811,1,0.067316597,-0.058868772,0.046220148
5,0.129920338,-0.00802031,0.091085749,0.067316597,1,0.038674816,0.039114608
6,-0.015785353,-0.012912895,-0.039780314,-0.058868772,0.038674816,1,-0.176650885
7,0.158444225,0.276496386,-0.106723345,0.046220148,0.039114608,-0.176650885,1
